T	Rhoxx_Dec_2023	Rhoxx_Sept_2024
300.0225	1.53084472E-5	1.079939E-5
300.0192	1.53027878E-5	1.0799385E-5
300.0005	1.53021768E-5	1.07989E-5
299.9556	1.53034226E-5	1.0799505E-5
299.9223	1.52992382E-5	1.079898E-5
299.8917	1.5298222E-5	1.0799065E-5
299.8617	1.5290019E-5	1.0798835E-5
299.8349	1.5288937E-5	1.079868E-5
299.8058	1.52844996E-5	1.0798325E-5
299.7809	1.5277873E-5	1.079803E-5
299.7499	1.527552E-5	1.0797635E-5
299.7184	1.52743876E-5	1.079732E-5
299.6536	1.52721882E-5	1.079714E-5
299.5903	1.52728244E-5	1.079708E-5
299.5169	1.52739942E-5	1.079685E-5
299.4073	1.52739942E-5	1.079608E-5
299.2736	1.52660578E-5	1.0795215E-5
299.0701	1.52615562E-5	1.0794115E-5
298.7941	1.52562394E-5	1.0793435E-5
298.4231	1.52507708E-5	1.079221E-5
298.0008	1.52468548E-5	1.07884E-5
297.4713	1.52413606E-5	1.0784075E-5
296.8929	1.52316316E-5	1.0780395E-5
296.2734	1.5221025E-5	1.077605E-5
295.6217	1.52064248E-5	1.0770845E-5
294.8892	1.5191494E-5	1.0764625E-5
294.1955	1.51847288E-5	1.0759525E-5
293.4163	1.51727736E-5	1.075365E-5
292.6121	1.51602342E-5	1.0746125E-5
291.8525	1.5141946E-5	1.073909E-5
291.0998	1.51302322E-5	1.073169E-5
290.3975	1.51302322E-5	1.072368E-5
289.8981	1.51198178E-5	1.0716645E-5
289.535	1.51110158E-5	1.0709725E-5
289.2614	1.50999398E-5	1.070353E-5
289.0511	1.50917486E-5	1.069743E-5
288.76	1.50834068E-5	1.0693035E-5
288.4196	1.50755212E-5	1.068837E-5
288.023	1.50729522E-5	1.0684655E-5
287.5939	1.50682092E-5	1.0680675E-5
287.1288	1.50553644E-5	1.0675545E-5
286.6297	1.5048775E-5	1.067134E-5
286.1857	1.50439814E-5	1.0666575E-5
285.7678	1.50347858E-5	1.066159E-5
285.3679	1.50266722E-5	1.0651375E-5
284.971	1.5022768E-5	1.0646755E-5
284.5497	1.50177702E-5	1.0641605E-5
284.2045	1.50177702E-5	1.0637155E-5
283.7723	1.50078758E-5	1.063326E-5
283.3649	1.49995074E-5	1.062769E-5
283.0908	1.49928048E-5	1.062416E-5
282.9033	1.49884432E-5	1.062035E-5
282.6956	1.4985302E-5	1.061716E-5
282.3723	1.49792478E-5	1.061417E-5
281.9727	1.49747208E-5	1.0611625E-5
281.487	1.49684384E-5	1.0609265E-5
280.9594	1.49636566E-5	1.0606055E-5
280.3531	1.49579078E-5	1.060249E-5
279.7886	1.4942354E-5	1.059813E-5
279.3851	1.49320782E-5	1.059252E-5
278.9627	1.49261772E-5	1.058791E-5
278.6171	1.49191052E-5	1.0583175E-5
278.2528	1.49185598E-5	1.057911E-5
277.9522	1.49185598E-5	1.0575125E-5
277.6084	1.49155066E-5	1.0570895E-5
277.269	1.49063886E-5	1.056789E-5
276.886	1.4903374E-5	1.0562955E-5
276.5056	1.48956806E-5	1.055973E-5
276.1205	1.4889194E-5	1.0551395E-5
275.6594	1.488197E-5	1.054758E-5
275.144	1.48806348E-5	1.0544115E-5
274.4754	1.4874415E-5	1.053862E-5
273.8063	1.48752674E-5	1.053319E-5
273.0186	1.48674846E-5	1.0527505E-5
272.3746	1.48485988E-5	1.0520245E-5
271.9747	1.4839378E-5	1.0512785E-5
271.7138	1.48293688E-5	1.050666E-5
271.4883	1.4818877E-5	1.0501E-5
271.2431	1.48119972E-5	1.0496925E-5
270.9384	1.48119972E-5	1.049172E-5
270.5657	1.48045182E-5	1.0487825E-5
270.1919	1.48042902E-5	1.048323E-5
269.8027	1.47927552E-5	1.0481075E-5
269.3846	1.47933648E-5	1.0475625E-5
268.9406	1.47865356E-5	1.047187E-5
268.4961	1.47713884E-5	1.0467065E-5
268.0624	1.4776221E-5	1.0462455E-5
267.5985	1.47661104E-5	1.045824E-5
267.1931	1.47568136E-5	1.0453915E-5
266.8103	1.47484198E-5	1.044914E-5
266.4333	1.47448852E-5	1.044464E-5
266.0575	1.47387802E-5	1.0440355E-5
265.664	1.47333116E-5	1.0435945E-5
265.2048	1.47281736E-5	1.042808E-5
264.7809	1.47180632E-5	1.042322E-5
264.334	1.47180632E-5	1.041885E-5
263.8823	1.4709644E-5	1.041478E-5
263.4371	1.47047222E-5	1.04101E-5
263.0068	1.46988332E-5	1.040569E-5
262.6021	1.46904916E-5	1.04006E-5
262.1946	1.46856844E-5	1.039658E-5
261.7855	1.46800756E-5	1.0391765E-5
261.386	1.46742374E-5	1.0387745E-5
260.9752	1.46701932E-5	1.0384205E-5
260.5819	1.46604776E-5	1.0378635E-5
260.1263	1.46536604E-5	1.0374035E-5
259.6915	1.46485478E-5	1.0370195E-5
259.2602	1.46367968E-5	1.0365285E-5
258.8687	1.46344826E-5	1.036049E-5
258.4448	1.46290004E-5	1.035654E-5
258.0222	1.46218032E-5	1.0351435E-5
257.6021	1.46218032E-5	1.034724E-5
257.1923	1.46164998E-5	1.0341985E-5
256.7703	1.46094784E-5	1.033772E-5
256.3573	1.46049008E-5	1.03335E-5
255.9328	1.45995334E-5	1.0328965E-5
255.5085	1.45911024E-5	1.0324405E-5
255.0939	1.4579554E-5	1.0315185E-5
254.6706	1.4572242E-5	1.031077E-5
254.2479	1.45686418E-5	1.030602E-5
253.8808	1.4563492E-5	1.0301385E-5
253.4238	1.45578324E-5	1.0296545E-5
253.0217	1.45472764E-5	1.02921E-5
252.5895	1.4543423E-5	1.02876E-5
252.1782	1.45325616E-5	1.0282915E-5
251.7592	1.45240038E-5	1.0278605E-5
251.3349	1.45170346E-5	1.0274115E-5
250.9258	1.45170346E-5	1.026948E-5
250.5001	1.4511934E-5	1.0265105E-5
250.0874	1.45091488E-5	1.026072E-5
249.6646	1.45026118E-5	1.0256445E-5
249.2544	1.4496991E-5	1.0251515E-5
248.8309	1.44899324E-5	1.0246425E-5
248.41	1.4485024E-5	1.02427E-5
248.0164	1.44797578E-5	1.0237295E-5
247.5814	1.44736662E-5	1.0233125E-5
247.1286	1.44645988E-5	1.0228205E-5
246.6752	1.44601346E-5	1.0224205E-5
246.2315	1.44512444E-5	1.0219065E-5
245.8486	1.4447239E-5	1.021466E-5
245.4068	1.4442496E-5	1.0204645E-5
245.0214	1.44356668E-5	1.0200075E-5
244.6263	1.44321426E-5	1.0195475E-5
244.2546	1.44321426E-5	1.0191045E-5
243.8066	1.44201382E-5	1.0186565E-5
243.4195	1.44125194E-5	1.018203E-5
242.9891	1.44061222E-5	1.0176865E-5
242.5639	1.43984408E-5	1.017276E-5
242.1354	1.43933788E-5	1.016801E-5
241.7237	1.43870846E-5	1.0163235E-5
241.3049	1.43809542E-5	1.015861E-5
240.886	1.43731966E-5	1.015402E-5
240.4683	1.43670916E-5	1.01496E-5
240.0933	1.43614068E-5	1.0144575E-5
239.6718	1.43546418E-5	1.01394E-5
239.2513	1.434986E-5	1.0135465E-5
238.8278	1.43424704E-5	1.01302E-5
238.4071	1.43326908E-5	1.012602E-5
237.9918	1.43257334E-5	1.012095E-5
237.5927	1.43257334E-5	1.0116425E-5
237.1816	1.43223628E-5	1.0112325E-5
236.7597	1.4312227E-5	1.0107555E-5
236.3084	1.43072664E-5	1.010337E-5
235.9187	1.43005908E-5	1.009851E-5
235.4972	1.4293684E-5	1.0094395E-5
235.0765	1.42824426E-5	1.0084665E-5
234.6529	1.42776474E-5	1.0079935E-5
234.2287	1.42727122E-5	1.0075405E-5
233.8329	1.42668888E-5	1.007108E-5
233.4119	1.42584696E-5	1.0066095E-5
233.0297	1.42543986E-5	1.0061525E-5
232.6039	1.42447844E-5	1.005672E-5
232.1932	1.42429918E-5	1.0052275E-5
231.7822	1.4235577E-5	1.004816E-5
231.3749	1.42251238E-5	1.004286E-5
230.9504	1.42251238E-5	1.003828E-5
230.5362	1.42169968E-5	1.003337E-5
230.1096	1.42142742E-5	1.00291E-5
229.6842	1.42025874E-5	1.00244E-5
229.2916	1.41952484E-5	1.002008E-5
228.8438	1.4189653E-5	1.001491E-5
228.4207	1.4186512E-5	1.0010265E-5
227.9992	1.41791746E-5	1.0006115E-5
227.6303	1.4170818E-5	1.0001185E-5
227.2074	1.41648918E-5	9.996835E-6
226.7622	1.41569688E-5	9.992495E-6
226.3493	1.41491726E-5	9.98756E-6
225.9277	1.41425848E-5	9.98784E-6
225.5015	1.41340762E-5	9.98402E-6
225.1134	1.41343176E-5	9.97459E-6
224.6688	1.41243354E-5	9.97015E-6
224.2775	1.41243354E-5	9.964935E-6
223.8526	1.41175568E-5	9.960995E-6
223.4283	1.41077772E-5	9.9558E-6
223.0084	1.41024724E-5	9.95161E-6
222.5923	1.40971452E-5	9.947695E-6
222.1989	1.40875936E-5	9.942425E-6
221.7489	1.4086017E-5	9.93785E-6
221.3567	1.40776604E-5	9.933615E-6
220.9354	1.4067626E-5	9.92872E-6
220.5119	1.40648544E-5	9.92417E-6
220.0698	1.40549346E-5	9.91935E-6
219.6832	1.40492112E-5	9.91498E-6
219.2582	1.4044252E-5	9.911405E-6
218.8354	1.40377908E-5	9.90715E-6
218.4147	1.40284688E-5	9.90181E-6
217.9909	1.40201002E-5	9.89785E-6
217.6188	1.40201002E-5	9.892865E-6
217.1925	1.4014034E-5	9.888625E-6
216.7595	1.4001812E-5	9.8838E-6
216.3105	1.40003114E-5	9.879105E-6
215.8449	1.3989845E-5	9.87398E-6
215.3817	1.39852926E-5	9.864615E-6
214.9451	1.39788448E-5	9.859345E-6
214.5359	1.3967958E-5	9.85398E-6
214.1781	1.39632524E-5	9.84935E-6
213.7914	1.39554188E-5	9.84427E-6
213.3955	1.39477998E-5	9.8401E-6
212.984	1.39389738E-5	9.835405E-6
212.58	1.39354646E-5	9.831205E-6
212.157	1.39223784E-5	9.82645E-6
211.7361	1.39228732E-5	9.821575E-6
211.3172	1.39111354E-5	9.81662E-6
210.8912	1.39111354E-5	9.811835E-6
210.4686	1.39064804E-5	9.806665E-6
210.0439	1.38991162E-5	9.802245E-6
209.6221	1.38900996E-5	9.797065E-6
209.2352	1.38825462E-5	9.791685E-6
208.8145	1.3876848E-5	9.78763E-6
208.3998	1.3871774E-5	9.782595E-6
207.9894	1.3864182E-5	9.78013E-6
207.6154	1.38534606E-5	9.77495E-6
207.181	1.3850446E-5	9.77011E-6
206.8095	1.38464272E-5	9.766015E-6
206.4077	1.38391524E-5	9.76121E-6
206.0131	1.38326288E-5	9.756825E-6
205.5883	1.38289526E-5	9.752225E-6
205.1537	1.3818334E-5	9.74329E-6
204.7111	1.381111E-5	9.73883E-6
204.2711	1.381111E-5	9.733625E-6
203.8828	1.38064042E-5	9.72996E-6
203.4666	1.37986212E-5	9.724465E-6
203.0104	1.379347E-5	9.71965E-6
202.627	1.37867674E-5	9.71564E-6
202.1972	1.37821124E-5	9.710535E-6
201.7728	1.37715698E-5	9.706645E-6
201.3474	1.37655168E-5	9.70133E-6
200.957	1.37622104E-5	9.69683E-6
200.5422	1.37525306E-5	9.69239E-6
200.0826	1.37429416E-5	9.68759E-6
199.6929	1.37380972E-5	9.68309E-6
199.2689	1.37303382E-5	9.677445E-6
198.8469	1.37224794E-5	9.673425E-6
198.4355	1.3716349E-5	9.66807E-6
198.0139	1.37093156E-5	9.664055E-6
197.6013	1.37093156E-5	9.658905E-6
197.1674	1.37039498E-5	9.654415E-6
196.7777	1.3692592E-5	9.64975E-6
196.3225	1.3688244E-5	9.64499E-6
195.9307	1.36794164E-5	9.640375E-6
195.5078	1.36729568E-5	9.635385E-6
195.0888	1.3666661E-5	9.62623E-6
194.7052	1.3655749E-5	9.621345E-6
194.268	1.36536642E-5	9.616135E-6
193.7641	1.36426494E-5	9.611715E-6
193.2874	1.36328832E-5	9.6066E-6
192.8635	1.3632375E-5	9.602075E-6
192.456	1.36238918E-5	9.59682E-6
192.035	1.36148244E-5	9.5915E-6
191.6334	1.36072054E-5	9.58686E-6
191.2592	1.36026784E-5	9.581075E-6
190.8971	1.36026784E-5	9.57669E-6
190.4926	1.3599448E-5	9.57186E-6
190.0697	1.3587378E-5	9.567795E-6
189.6345	1.35782226E-5	9.56251E-6
189.2392	1.35716856E-5	9.556985E-6
188.8174	1.3563393E-5	9.55274E-6
188.4026	1.355533E-5	9.54797E-6
188.0377	1.35505616E-5	9.542945E-6
187.6038	1.3542676E-5	9.537685E-6
187.1998	1.35370552E-5	9.53424E-6
186.8248	1.35264992E-5	9.5293E-6
186.4049	1.35197594E-5	9.52535E-6
185.9663	1.35125354E-5	9.520005E-6
185.531	1.35012284E-5	9.515475E-6
185.1096	1.3499093E-5	9.507655E-6
184.7317	1.3499093E-5	9.501455E-6
184.3057	1.34910672E-5	9.497455E-6
183.8967	1.34859682E-5	9.493445E-6
183.5079	1.34747758E-5	9.488135E-6
183.0398	1.34701088E-5	9.4841E-6
182.6353	1.34636358E-5	9.47977E-6
182.1983	1.3455598E-5	9.474645E-6
181.7662	1.34503842E-5	9.46975E-6
181.3409	1.34409592E-5	9.46445E-6
180.9546	1.34349316E-5	9.459715E-6
180.5013	1.34272114E-5	9.455505E-6
180.1133	1.34212598E-5	9.45079E-6
179.6907	1.34129808E-5	9.445575E-6
179.2641	1.34049312E-5	9.442135E-6
178.8516	1.3395685E-5	9.43809E-6
178.4375	1.33912846E-5	9.433735E-6
178.0134	1.3382624E-5	9.42992E-6
177.5936	1.3382624E-5	9.424315E-6
177.2006	1.33762016E-5	9.41885E-6
176.7502	1.33702234E-5	9.414605E-6
176.251	1.33602784E-5	9.411105E-6
175.7249	1.33532956E-5	9.406585E-6
175.3089	1.33419648E-5	9.40071E-6
174.9213	1.33372724E-5	9.390645E-6
174.5443	1.33296668E-5	9.38471E-6
174.1695	1.33170768E-5	9.380035E-6
173.7938	1.33065074E-5	9.374825E-6
173.4282	1.3303557E-5	9.369795E-6
173.0124	1.32991194E-5	9.366005E-6
172.5804	1.32922634E-5	9.361415E-6
172.1978	1.32807284E-5	9.356265E-6
171.7725	1.3275756E-5	9.35127E-6
171.4279	1.3275756E-5	9.34674E-6
171.0241	1.32677808E-5	9.342885E-6
170.5851	1.32619188E-5	9.33835E-6
170.1309	1.32530286E-5	9.333895E-6
169.6775	1.3247484E-5	9.32862E-6
169.2839	1.3237004E-5	9.32371E-6
168.8311	1.32295772E-5	9.318345E-6
168.4204	1.3221921E-5	9.31307E-6
168.0416	1.32130056E-5	9.30859E-6
167.6341	1.32049308E-5	9.302835E-6
167.1927	1.32035316E-5	9.29882E-6
166.7687	1.31928742E-5	9.293625E-6
166.3474	1.31862358E-5	9.28852E-6
165.9576	1.31803468E-5	9.284E-6
165.5343	1.31663442E-5	9.278655E-6
165.113	1.3161029E-5	9.27393E-6
164.6906	1.3161029E-5	9.2636E-6
164.2701	1.3154097E-5	9.25938E-6
163.86	1.3147612E-5	9.256415E-6
163.4359	1.3140528E-5	9.254785E-6
163.0114	1.3131383E-5	9.250245E-6
162.6334	1.31254702E-5	9.244625E-6
162.213	1.31128922E-5	9.240465E-6
161.7992	1.31105394E-5	9.235135E-6
161.403	1.31023244E-5	9.230815E-6
161.0329	1.30988524E-5	9.226325E-6
160.6544	1.30898728E-5	9.221195E-6
160.256	1.30828918E-5	9.216875E-6
159.8479	1.30756676E-5	9.211805E-6
159.2977	1.30652382E-5	9.207945E-6
158.67	1.30577744E-5	9.20281E-6
158.1224	1.30498246E-5	9.1963E-6
157.6823	1.30498246E-5	9.18981E-6
157.3678	1.30393072E-5	9.18295E-6
157.0678	1.3027455E-5	9.177415E-6
156.7721	1.30173058E-5	9.171745E-6
156.4055	1.30139604E-5	9.1668E-6
155.997	1.3001816E-5	9.16228E-6
155.5688	1.299524E-5	9.1582E-6
155.1155	1.2988907E-5	9.147935E-6
154.6959	1.29842148E-5	9.143645E-6
154.2666	1.29728824E-5	9.137565E-6
153.8771	1.29689396E-5	9.132245E-6
153.4963	1.29610046E-5	9.127655E-6
153.0929	1.29509836E-5	9.122795E-6
152.6643	1.2945819E-5	9.11795E-6
152.2557	1.29358872E-5	9.113575E-6
151.7965	1.29315122E-5	9.108565E-6
151.3593	1.29315122E-5	9.10326E-6
150.9317	1.29223302E-5	9.09815E-6
150.5099	1.29172548E-5	9.09312E-6
150.0936	1.29071832E-5	9.08829E-6
149.6808	1.28979116E-5	9.083575E-6
149.2912	1.28908276E-5	9.07825E-6
148.8638	1.28851176E-5	9.07329E-6
148.436	1.2878555E-5	9.06877E-6
148.0092	1.28670082E-5	9.064045E-6
147.597	1.28594146E-5	9.05839E-6
147.2086	1.28540992E-5	9.054605E-6
146.7423	1.2844573E-5	9.050485E-6
146.3485	1.28383294E-5	9.046015E-6
145.9258	1.2830101E-5	9.041205E-6
145.5133	1.28195704E-5	9.03558E-6
145.0895	1.28136442E-5	9.03039E-6
144.6999	1.28136442E-5	9.02077E-6
144.2791	1.28060014E-5	9.017715E-6
143.8572	1.27992376E-5	9.011815E-6
143.4343	1.27918392E-5	9.006835E-6
143.0114	1.27823934E-5	9.002375E-6
142.5887	1.27731324E-5	8.99681E-6
142.1783	1.27731324E-5	8.992145E-6
141.7729	1.27634198E-5	8.98675E-6
141.3539	1.27517312E-5	8.98161E-6
140.9336	1.27499164E-5	8.97682E-6
140.5106	1.27350018E-5	8.970875E-6
140.0829	1.27258674E-5	8.96666E-6
139.6522	1.27182022E-5	8.96122E-6
139.1588	1.27182022E-5	8.956295E-6
138.7044	1.2701635E-5	8.950215E-6
138.2849	1.2694928E-5	8.944265E-6
137.9201	1.26860962E-5	8.93802E-6
137.5368	1.26819924E-5	8.934365E-6
137.1479	1.26711116E-5	8.92978E-6
136.7587	1.2662372E-5	8.92447E-6
136.3236	1.2662372E-5	8.91946E-6
135.892	1.2652105E-5	8.914735E-6
135.4951	1.26436874E-5	8.90971E-6
135.0703	1.26382544E-5	8.898225E-6
134.6505	1.26237794E-5	8.892885E-6
134.2636	1.26156852E-5	8.888945E-6
133.8824	1.26078472E-5	8.883605E-6
133.4818	1.26078472E-5	8.87796E-6
133.0917	1.26015916E-5	8.874055E-6
132.6445	1.2588574E-5	8.86904E-6
132.1875	1.25837072E-5	8.863245E-6
131.7866	1.2573579E-5	8.858065E-6
131.3592	1.25615776E-5	8.852535E-6
130.9473	1.25537396E-5	8.84855E-6
130.5318	1.25537396E-5	8.842435E-6
130.1168	1.25423386E-5	8.83642E-6
129.6935	1.25389636E-5	8.831855E-6
129.2757	1.25259102E-5	8.826855E-6
128.8494	1.25176906E-5	8.82224E-6
128.4183	1.2508209E-5	8.816185E-6
128.0257	1.2508209E-5	8.8121E-6
127.6072	1.2496902E-5	8.806795E-6
127.1847	1.24917686E-5	8.80187E-6
126.7548	1.24809704E-5	8.796335E-6
126.3316	1.24662526E-5	8.791095E-6
125.9094	1.24587954E-5	8.786325E-6
125.5183	1.24448984E-5	8.78133E-6
125.0959	1.24448984E-5	8.776615E-6
124.6775	1.24451756E-5	8.76727E-6
124.2553	1.24349088E-5	8.76244E-6
123.8305	1.24219142E-5	8.756735E-6
123.4177	1.24129884E-5	8.752165E-6
123.0297	1.24003976E-5	8.746895E-6
122.6098	1.23936802E-5	8.741255E-6
122.1875	1.23936802E-5	8.736735E-6
121.803	1.23830556E-5	8.73121E-6
121.3577	1.23804308E-5	8.725975E-6
120.9259	1.23676784E-5	8.72091E-6
120.439	1.23593078E-5	8.71427E-6
119.9923	1.23502202E-5	8.70778E-6
119.5357	1.23391212E-5	8.703615E-6
119.1217	1.23391212E-5	8.698535E-6
118.747	1.23281152E-5	8.69223E-6
118.3979	1.23150386E-5	8.686315E-6
118.0049	1.23085872E-5	8.680285E-6
117.5917	1.23012804E-5	8.67631E-6
117.1636	1.22929328E-5	8.670795E-6
116.7202	1.22929328E-5	8.665465E-6
116.324	1.22844466E-5	8.65988E-6
115.9239	1.227092E-5	8.654E-6
115.4742	1.22651622E-5	8.64899E-6
115.1102	1.22567452E-5	8.643245E-6
114.6979	1.22460388E-5	8.63206E-6
114.3278	1.22402698E-5	8.62731E-6
113.8891	1.22402698E-5	8.6221E-6
113.4431	1.22298524E-5	8.61736E-6
112.996	1.22277134E-5	8.61151E-6
112.5813	1.2210533E-5	8.60657E-6
112.1658	1.22027174E-5	8.60157E-6
111.7767	1.21925548E-5	8.59633E-6
111.3628	1.21813864E-5	8.59128E-6
110.9381	1.21813864E-5	8.58632E-6
110.5078	1.2170472E-5	8.58071E-6
110.1103	1.21578932E-5	8.5749E-6
109.6823	1.21500536E-5	8.57012E-6
109.2601	1.21417642E-5	8.5642E-6
108.8436	1.21372438E-5	8.55994E-6
108.4255	1.2126515E-5	8.553635E-6
108.0068	1.2126515E-5	8.54761E-6
107.6263	1.21184334E-5	8.5426E-6
107.1709	1.21088482E-5	8.53781E-6
106.7671	1.20977268E-5	8.53161E-6
106.3436	1.2089333E-5	8.52723E-6
105.9545	1.20797254E-5	8.520425E-6
105.4982	1.20741062E-5	8.51557E-6
105.1165	1.20741062E-5	8.50988E-6
104.7082	1.20574578E-5	8.49918E-6
104.2983	1.20503702E-5	8.49261E-6
103.8585	1.20380572E-5	8.488215E-6
103.3755	1.20325424E-5	8.482335E-6
102.8762	1.20146454E-5	8.476275E-6
102.4107	1.20146454E-5	8.47068E-6
102.0285	1.20038696E-5	8.46464E-6
101.6934	1.19959846E-5	8.457635E-6
101.3309	1.1983648E-5	8.45218E-6
100.9488	1.1974249E-5	8.447235E-6
100.5215	1.19649074E-5	8.440075E-6
100.0801	1.19583286E-5	8.433485E-6
99.6331	1.19583286E-5	8.42871E-6
99.2271	1.1947634E-5	8.422325E-6
98.7923	1.19409516E-5	8.41697E-6
98.3794	1.19289622E-5	8.41121E-6
97.9645	1.19145222E-5	8.405765E-6
97.5512	1.1907585E-5	8.400085E-6
97.1614	1.18989714E-5	8.39424E-6
96.7598	1.18989714E-5	8.38786E-6
96.3344	1.18848666E-5	8.38319E-6
95.8802	1.18829816E-5	8.376455E-6
95.4861	1.18703336E-5	8.37149E-6
95.0977	1.18567258E-5	8.365975E-6
94.6359	1.18498698E-5	8.354015E-6
94.2426	1.18498698E-5	8.34989E-6
93.8207	1.18353136E-5	8.344535E-6
93.4051	1.18283302E-5	8.338105E-6
92.9861	1.18172892E-5	8.33315E-6
92.5744	1.180619E-5	8.3273E-6
92.154	1.1796201E-5	8.32041E-6
91.7402	1.17873564E-5	8.31501E-6
91.3218	1.17873564E-5	8.308965E-6
90.8996	1.17730312E-5	8.30309E-6
90.4984	1.17643372E-5	8.29796E-6
90.0604	1.17553078E-5	8.29288E-6
89.6898	1.1744532E-5	8.28678E-6
89.3158	1.17277906E-5	8.281095E-6
88.9043	1.1725016E-5	8.27567E-6
88.4606	1.1725016E-5	8.27079E-6
88.0179	1.17145986E-5	8.264655E-6
87.5593	1.17043666E-5	8.25849E-6
87.1705	1.16929666E-5	8.253225E-6
86.7882	1.16841912E-5	8.24798E-6
86.3831	1.16758786E-5	8.24169E-6
85.9395	1.16669648E-5	8.23611E-6
85.5443	1.16669648E-5	8.231305E-6
85.0773	1.1654409E-5	8.22527E-6
84.6774	1.16452866E-5	8.219855E-6
84.2715	1.1634615E-5	8.20734E-6
83.8267	1.16219208E-5	8.203125E-6
83.4168	1.16175734E-5	8.197565E-6
82.992	1.16064742E-5	8.19121E-6
82.5928	1.16064742E-5	8.184855E-6
82.1699	1.15952014E-5	8.179805E-6
81.7682	1.15843572E-5	8.173715E-6
81.3802	1.15709454E-5	8.16828E-6
81.0056	1.15618698E-5	8.162625E-6
80.661	1.15557424E-5	8.15645E-6
80.3047	1.15557424E-5	8.15103E-6
79.9024	1.1545603E-5	8.146145E-6
79.5219	1.1539799E-5	8.14034E-6
79.1888	1.15275898E-5	8.13508E-6
78.8293	1.15157276E-5	8.13069E-6
78.5302	1.15097158E-5	8.12496E-6
78.1554	1.15023158E-5	8.11954E-6
77.7495	1.15023158E-5	8.114235E-6
77.1714	1.14940264E-5	8.110395E-6
76.572	1.14845924E-5	8.103835E-6
75.9011	1.1469689E-5	8.097115E-6
75.2716	1.14581972E-5	8.08994E-6
74.851	1.14433058E-5	8.082715E-6
74.5914	1.1427559E-5	8.074135E-6
74.3349	1.1427559E-5	8.059835E-6
74.0616	1.14198126E-5	8.054765E-6
73.71	1.14086672E-5	8.04894E-6
73.2205	1.140417E-5	8.04476E-6
72.7258	1.13911978E-5	8.039885E-6
72.2729	1.13776132E-5	8.0344E-6
71.8684	1.13684908E-5	8.028155E-6
71.4436	1.13684908E-5	8.02111E-6
71.0841	1.1358016E-5	8.01629E-6
70.6751	1.13487788E-5	8.0102E-6
70.2774	1.13391594E-5	8.00454E-6
69.8231	1.13289736E-5	7.9988E-6
69.4132	1.13143482E-5	7.99392E-6
68.9771	1.13143482E-5	7.98781E-6
68.6282	1.13092496E-5	7.98168E-6
68.1428	1.1306706E-5	7.975905E-6
67.7637	1.12979308E-5	7.96896E-6
67.3233	1.12839878E-5	7.965765E-6
66.9833	1.12730966E-5	7.962925E-6
66.5546	1.12574078E-5	7.95821E-6
66.1743	1.12574078E-5	7.952635E-6
65.762	1.12519272E-5	7.945945E-6
65.4207	1.12414644E-5	7.94038E-6
64.9645	1.12303302E-5	7.92744E-6
64.5575	1.1219173E-5	7.924245E-6
64.1248	1.1213959E-5	7.91895E-6
63.7798	1.1197032E-5	7.91238E-6
63.3763	1.1197032E-5	7.90666E-6
62.9672	1.11961998E-5	7.900015E-6
62.6315	1.11887194E-5	7.893975E-6
62.2138	1.11792504E-5	7.88859E-6
61.7798	1.1170417E-5	7.883355E-6
61.4453	1.1161445E-5	7.87692E-6
61.064	1.11551672E-5	7.87016E-6
60.7731	1.11551672E-5	7.86563E-6
60.4019	1.11422994E-5	7.858975E-6
60.0653	1.1134287E-5	7.855955E-6
59.6752	1.11229338E-5	7.851005E-6
59.3013	1.11173614E-5	7.845385E-6
58.7081	1.11106322E-5	7.8394E-6
58.0347	1.11106322E-5	7.833705E-6
57.5748	1.10970706E-5	7.826075E-6
57.193	1.10840984E-5	7.81812E-6
56.9639	1.10688836E-5	7.81081E-6
56.7368	1.10570788E-5	7.806575E-6
56.3302	1.10515646E-5	7.80035E-6
55.9794	1.10411122E-5	7.796475E-6
55.4982	1.10411122E-5	7.7865E-6
55.0913	1.10304988E-5	7.780305E-6
54.6342	1.10270188E-5	7.77463E-6
54.2037	1.10188336E-5	7.768165E-6
53.8683	1.10124864E-5	7.763325E-6
53.4586	1.1002335E-5	7.757165E-6
53.1258	1.09923572E-5	7.7521E-6
52.7111	1.09923572E-5	7.747945E-6
52.2812	1.09766104E-5	7.74338E-6
51.924	1.09675922E-5	7.7371E-6
51.4805	1.0955245E-5	7.7327E-6
51.053	1.09445736E-5	7.7264E-6
50.6256	1.09305956E-5	7.722215E-6
50.2874	1.0917566E-5	7.71632E-6
49.8865	1.0917566E-5	7.711085E-6
49.5687	1.09112874E-5	7.70563E-6
49.1695	1.09004662E-5	7.700005E-6
48.7544	1.08913906E-5	7.69512E-6
48.3303	1.0879054E-5	7.689695E-6
47.9956	1.0874302E-5	7.68546E-6
47.5889	1.0874302E-5	7.680455E-6
47.241	1.08636654E-5	7.675335E-6
46.9685	1.08561038E-5	7.67037E-6
46.6079	1.0844843E-5	7.66588E-6
46.2981	1.08370394E-5	7.66167E-6
45.9658	1.08336054E-5	7.652145E-6
45.543	1.08285182E-5	7.64674E-6
44.8576	1.08285182E-5	7.641805E-6
44.0878	1.0820587E-5	7.633725E-6
43.578	1.08035914E-5	7.625255E-6
43.2003	1.07896484E-5	7.61725E-6
43.0154	1.07799136E-5	7.61182E-6
42.8301	1.07731036E-5	7.606235E-6
42.6411	1.07689298E-5	7.60326E-6
42.1876	1.07689298E-5	7.600575E-6
41.5841	1.07635886E-5	7.596425E-6
41.065	1.07547208E-5	7.57479E-6
40.5897	1.07427544E-5	7.56352E-6
40.1598	1.07293666E-5	7.556935E-6
39.8215	1.07225798E-5	7.550345E-6
39.4815	1.07145906E-5	7.545215E-6
39.08	1.07145906E-5	7.540055E-6
38.7043	1.07058734E-5	7.53534E-6
38.3043	1.07009478E-5	7.531155E-6
37.8954	1.06880568E-5	7.526475E-6
37.6046	1.06811888E-5	7.52162E-6
37.1967	1.06732458E-5	7.516865E-6
36.7827	1.06673144E-5	7.508025E-6
36.3476	1.06673144E-5	7.50345E-6
36.0211	1.06571286E-5	7.493715E-6
35.6195	1.06493704E-5	7.488575E-6
35.1998	1.06430926E-5	7.485085E-6
34.847	1.06337742E-5	7.479905E-6
34.3623	1.06251494E-5	7.474815E-6
33.7542	1.06251494E-5	7.47118E-6
33.2473	1.06173336E-5	7.464295E-6
32.8529	1.06077834E-5	7.45781E-6
32.6125	1.06000722E-5	7.453185E-6
32.33	1.05897822E-5	7.4523E-6
32.039	1.05777242E-5	7.44875E-6
31.6427	1.05735966E-5	7.445695E-6
31.1443	1.05735966E-5	7.441535E-6
30.715	1.05656072E-5	7.437095E-6
30.2238	1.05585202E-5	7.43268E-6
29.8021	1.05482184E-5	7.428575E-6
29.4999	1.0545317E-5	7.424215E-6
29.1551	1.05363332E-5	7.420005E-6
28.8508	1.05298936E-5	7.416815E-6
28.6133	1.05298936E-5	7.41383E-6
28.2429	1.0530483E-5	7.41037E-6
27.7813	1.05261936E-5	7.407365E-6
27.231	1.0521014E-5	7.40457E-6
26.7102	1.05177656E-5	7.393555E-6
26.3136	1.05099962E-5	7.389745E-6
25.8836	1.0499452E-5	7.38537E-6
25.5201	1.0499452E-5	7.381635E-6
25.2177	1.04961798E-5	7.37905E-6
24.8007	1.0490191E-5	7.37423E-6
24.3584	1.04884684E-5	7.37034E-6
24.0118	1.04805834E-5	7.368225E-6
23.5714	1.04801558E-5	7.36404E-6
23.1389	1.04801558E-5	7.36119E-6
22.8222	1.04698658E-5	7.358515E-6
22.4157	1.04677498E-5	7.356985E-6
22.1045	1.04578882E-5	7.35512E-6
21.7026	1.04482688E-5	7.35283E-6
21.3071	1.04498066E-5	7.35095E-6
21.0022	1.0448327E-5	7.348225E-6
20.6196	1.0448327E-5	7.34604E-6
20.1672	1.04428812E-5	7.344615E-6
19.7466	1.04443148E-5	7.341665E-6
19.4179	1.04356318E-5	7.34061E-6
18.9908	1.0422995E-5	7.33911E-6
18.5463	1.04247064E-5	7.33701E-6
18.1727	1.04192838E-5	7.33507E-6
17.6702	1.04192838E-5	7.33298E-6
17.1465	1.04154452E-5	7.31214E-6
16.7078	1.0409896E-5	7.309685E-6
16.4311	1.04122088E-5	7.30896E-6
16.2213	1.04097918E-5	7.306625E-6
15.8683	1.04103238E-5	7.30653E-6
15.3103	1.041333E-5	7.304965E-6
14.8243	1.041333E-5	7.3044E-6
14.515	1.04065082E-5	7.30185E-6
14.1299	1.0407526E-5	7.30195E-6
13.6985	1.04039304E-5	7.300615E-6
13.3345	1.0406115E-5	7.300375E-6
12.8283	1.03986234E-5	7.299025E-6
12.4734	1.03986234E-5	7.29832E-6
12.1777	1.04031906E-5	7.29719E-6
11.8484	1.04050868E-5	7.29655E-6
11.4116	1.04058608E-5	7.29708E-6
11.075	1.0403572E-5	7.29595E-6
10.6606	1.04046584E-5	7.296385E-6
10.3141	1.04026354E-5	7.29571E-6
9.9937	1.04026354E-5	7.29571E-6
9.8828	1.04056648E-5	7.29552E-6
9.9026	1.03983112E-5	7.29667E-6
9.7395	1.03963114E-5	7.29646E-6
10.1695	1.03971898E-5	7.296635E-6
10.3813	1.03968434E-5	7.29727E-6
10.1986	1.0396704E-5	7.29651E-6
10.0404	1.0396704E-5	7.29685E-6
9.9723	1.03952594E-5	7.296995E-6
9.9739	1.04015604E-5	7.29625E-6
9.9619	1.03986584E-5	7.296815E-6
10.0155	1.03970744E-5	7.29673E-6
10.1021	1.03976176E-5	7.29648E-6
10.0816	1.03948772E-5	7.296415E-6
10.0112	1.03948772E-5	7.297335E-6
9.9822	1.03957906E-5	7.296485E-6
9.9904	1.03963688E-5	7.296385E-6
10.0225	1.0400647E-5	7.29673E-6
10.0555	1.04013294E-5	7.2969E-6
10.0528	1.03994444E-5	7.296985E-6
10.059	1.03994444E-5	7.2967E-6
10.0424	1.0399028E-5	7.296505E-6
10.0271	1.03942186E-5	7.296945E-6
10.0408	1.04003922E-5	7.297475E-6
10.0783	1.0399595E-5	7.29698E-6
10.0956	1.03966698E-5	7.29735E-6
10.0899	1.03963576E-5	7.29646E-6
10.0544	1.03963576E-5	7.29668E-6
9.9758	1.03962072E-5	7.29667E-6
9.9396	1.03968314E-5	7.29674E-6
9.9672	1.03973284E-5	7.29678E-6
9.9938	1.0398265E-5	7.296675E-6
9.9971	1.03987858E-5	7.29681E-6
9.9888	1.03991322E-5	7.296855E-6
9.9881	1.03991322E-5	7.29688E-6
9.9943	1.03976176E-5	7.29681E-6
9.9947	1.03959412E-5	7.29653E-6
9.986	1.03981956E-5	7.296505E-6
9.9923	1.03989244E-5	7.29648E-6
10.0024	1.03961148E-5	7.29681E-6
10.0016	1.03977912E-5	7.296245E-6
9.9946	1.03977912E-5	7.296445E-6
9.9926	1.03916288E-5	7.29649E-6
10.0015	1.03972018E-5	7.29677E-6
10.0029	1.0394635E-5	7.29651E-6
9.9962	1.0397514E-5	7.296915E-6
9.9983	1.0398554E-5	7.29655E-6
10	1.03970856E-5	7.29657E-6
9.997	1.03970856E-5	7.29677E-6
9.9998	1.0397502E-5	7.29649E-6
9.9993	1.03967964E-5	7.29069E-6
10.0011	1.0398034E-5	7.296345E-6
9.999	1.03944264E-5	7.29649E-6
9.9997	1.03951552E-5	7.296435E-6
10.0006	1.03965886E-5	7.29654E-6
10.0014	1.03965886E-5	7.296635E-6
9.9972	1.03949704E-5	7.296795E-6
10.0009	1.03988782E-5	7.29698E-6
9.9974	1.03992246E-5	7.29696E-6
10.0017	1.0400612E-5	7.29648E-6
10.0007	1.0401167E-5	7.2967E-6
10.0003	1.0401167E-5	7.296805E-6
10.0001	1.0400924E-5	7.296485E-6
10.003	1.03966578E-5	7.296735E-6
10.0003	1.03965654E-5	7.29665E-6
10.001	1.03992478E-5	7.29649E-6
10.001	1.03978604E-5	7.296405E-6
9.9953	1.03994786E-5	7.29657E-6
10.0005	1.03994786E-5	7.29684E-6
10.0028	1.0400913E-5	7.29683E-6
9.999	1.04008778E-5	7.296435E-6
9.9979	1.04022652E-5	7.29646E-6
9.9995	1.04003922E-5	7.29674E-6
9.998	1.04024276E-5	7.2963E-6
10.0014	1.0401167E-5	7.296545E-6
10.0018	1.0401167E-5	7.296595E-6
9.9984	1.03997104E-5	7.29632E-6
9.9934	1.04004734E-5	7.296685E-6
9.9977	1.04023576E-5	7.296775E-6
10.0093	1.03986584E-5	7.29637E-6
10.0026	1.039934E-5	7.296905E-6
9.9975	1.04007624E-5	7.296745E-6
9.9976	1.04007624E-5	7.29642E-6
10.0011	1.03981956E-5	7.29656E-6
9.9992	1.0397999E-5	7.296485E-6
9.9995	1.03967734E-5	7.296785E-6
10.002	1.03970512E-5	7.296525E-6
9.9998	1.03963226E-5	7.29665E-6
9.9963	1.03963226E-5	7.29654E-6
10.0009	1.03977792E-5	7.296555E-6
10.0011	1.03965194E-5	7.29674E-6
10.0001	1.03986464E-5	7.296765E-6
10	1.0399051E-5	7.296745E-6
10.0039	1.03972592E-5	7.296855E-6
10.0006	1.03976868E-5	7.296585E-6
9.9974	1.03976868E-5	7.296365E-6
10.0024	1.03993982E-5	7.296625E-6
10.0051	1.03988894E-5	7.29667E-6
9.9988	1.0398554E-5	7.29662E-6
9.9974	1.03985198E-5	7.296795E-6
10.0036	1.0397768E-5	7.29673E-6
10.0015	1.03978954E-5	7.29699E-6
10.0044	1.03978954E-5	7.296695E-6
10.0054	1.03965886E-5	7.296445E-6
9.9987	1.03971318E-5	7.296195E-6
10.0019	1.03970974E-5	7.29671E-6
10.0027	1.03987158E-5	7.29646E-6
10	1.03962534E-5	7.29637E-6
9.9989	1.03995026E-5	7.29671E-6
10.0016	1.03995026E-5	7.296305E-6
10.0032	1.040067E-5	7.29677E-6
9.9995	1.0396751E-5	7.296935E-6
9.997	1.03983E-5	7.296585E-6
10.0065	1.0400346E-5	7.296975E-6
10.0016	1.03970856E-5	7.296185E-6
10.0017	1.03970856E-5	7.296515E-6
10.0014	1.0401699E-5	7.29625E-6
10.0005	1.04007042E-5	7.296765E-6
10.0011	1.04002998E-5	7.296315E-6
10.005	1.04000456E-5	7.29655E-6
10.0013	1.03984966E-5	7.29628E-6
10.0008	1.0399051E-5	7.29686E-6
10.0046	1.0399051E-5	7.29649E-6
9.9983	1.03980452E-5	7.296165E-6
9.9977	1.03968426E-5	7.296515E-6
10.002	1.03984498E-5	7.29672E-6
10.0033	1.03976756E-5	7.29666E-6
10.0031	1.0399086E-5	7.2966E-6
9.9987	1.03967622E-5	7.2966E-6
10.0005	1.03967622E-5	7.29651E-6
10.0037	1.03978254E-5	7.29638E-6
10.005	1.03984728E-5	7.29636E-6
10.0029	1.03971436E-5	7.296785E-6
9.9982	1.03984728E-5	7.29664E-6
10.0003	1.03977912E-5	7.296635E-6
10.004	1.03987858E-5	7.296675E-6
10.002	1.03987858E-5	7.29674E-6
10.0034	1.03978836E-5	7.29647E-6
10.0011	1.0399618E-5	7.29673E-6
9.9963	1.03991784E-5	7.29625E-6
9.9981	1.04015372E-5	7.296765E-6
10.0058	1.04002424E-5	7.29661E-6
9.9992	1.04002424E-5	7.29637E-6
10.0017	1.0399641E-5	7.296775E-6
10.0034	1.03986926E-5	7.29656E-6
9.9981	1.04002304E-5	7.29681E-6
9.9988	1.0400936E-5	7.296555E-6
9.9993	1.04002998E-5	7.296685E-6
10.0051	1.03989474E-5	7.29679E-6
10.0037	1.03989474E-5	7.29631E-6
9.9995	1.03996872E-5	7.296805E-6
9.9989	1.03975714E-5	7.296755E-6
10.001	1.03973634E-5	7.29648E-6
10.0004	1.03989818E-5	7.296475E-6
9.9991	1.04004272E-5	7.296735E-6
9.9986	1.0398265E-5	7.29649E-6
10.0061	1.0398265E-5	7.29634E-6
10.0035	1.04009702E-5	7.29669E-6
10.0001	1.0396485E-5	7.29655E-6
10.0006	1.03985078E-5	7.29653E-6
9.9987	1.03984966E-5	7.296595E-6
10.0009	1.0399907E-5	7.296395E-6
9.9999	1.03993752E-5	7.29691E-6
10.0018	1.03993752E-5	7.296515E-6
10.0008	1.03991092E-5	7.29665E-6
9.9983	1.04003578E-5	7.296625E-6
10.0029	1.04015716E-5	7.29677E-6
10.0019	1.03983462E-5	7.2972E-6
9.9999	1.04023464E-5	7.29654E-6
9.9978	1.04023464E-5	7.296295E-6
10.0023	1.04002536E-5	7.296445E-6
10.0031	1.03987158E-5	7.29671E-6
10.002	1.03996292E-5	7.296315E-6
9.9954	1.04010866E-5	7.296235E-6
10.0039	1.03989244E-5	7.29659E-6
10.0081	1.04001842E-5	7.29655E-6
10.0017	1.04001842E-5	7.296575E-6
9.9964	1.03996292E-5	7.29643E-6
9.9957	1.0399028E-5	7.296205E-6
10.0032	1.03996872E-5	7.296405E-6
10.003	1.03996522E-5	7.296705E-6
9.977	1.03984386E-5	7.29663E-6
9.9929	1.0399329E-5	7.29647E-6
10.0098	1.0399329E-5	7.29706E-6
10.0092	1.03977912E-5	7.296635E-6
10.0003	1.04019418E-5	7.296555E-6
10.0011	1.03993862E-5	7.296995E-6
9.9999	1.039934E-5	7.29672E-6
10.0032	1.0400416E-5	7.296745E-6
10.003	1.03999532E-5	7.296335E-6
9.9996	1.03999532E-5	7.2966E-6
10.0026	1.03997796E-5	7.296925E-6
10.0024	1.04004502E-5	7.296525E-6
10.0006	1.03962884E-5	7.296595E-6
10.0001	1.03973746E-5	7.29677E-6
9.9999	1.04009934E-5	7.296535E-6
10.0021	1.03980572E-5	7.297055E-6
10.0035	1.03980572E-5	7.29683E-6
10.0012	1.03987046E-5	7.29676E-6
10.0012	1.03954904E-5	7.2965E-6
10.001	1.03970394E-5	7.29659E-6
10.0038	1.03950628E-5	7.29672E-6
10.0039	1.03965774E-5	7.29679E-6
10.005	1.03965774E-5	7.29647E-6
10.0016	1.03979528E-5	7.296815E-6
10.0008	1.03950858E-5	7.296755E-6
9.9978	1.03949934E-5	7.296815E-6
9.9971	1.03957906E-5	7.296705E-6
10.0009	1.0397213E-5	7.296515E-6
10.002	1.0399641E-5	7.296775E-6
10.0013	1.0399641E-5	7.296325E-6
10.0014	1.03975482E-5	7.296855E-6
10.0015	1.03973746E-5	7.29667E-6
10.0137	1.04010746E-5	7.296715E-6
10.0243	1.03978954E-5	7.296505E-6
10.0071	1.04022882E-5	7.296855E-6
9.9934	1.03999994E-5	7.296455E-6
9.9938	1.03999994E-5	7.296575E-6
9.998	1.03993982E-5	7.296275E-6
10.0016	1.03990048E-5	7.29679E-6
10.0014	1.03984498E-5	7.29642E-6
9.9998	1.03984036E-5	7.29708E-6
9.9992	1.0401456E-5	7.296685E-6
9.999	1.03956408E-5	7.296925E-6
9.9993	1.03956408E-5	7.29614E-6
9.9988	1.04006238E-5	7.29664E-6
10.0022	1.03986814E-5	7.296735E-6
10.001	1.03973746E-5	7.29677E-6
9.9979	1.0401398E-5	7.296825E-6
9.9998	1.0394808E-5	7.296555E-6
9.9998	1.0394808E-5	7.29694E-6
10.0003	1.04001954E-5	7.296305E-6
10.001	1.03995488E-5	7.296685E-6
9.9993	1.0397502E-5	7.29668E-6
9.9995	1.0403768E-5	7.296485E-6
9.9993	1.03945888E-5	7.296345E-6
9.9972	1.03976868E-5	7.29667E-6
10.0051	1.03976868E-5	7.29652E-6
10.0027	1.0395652E-5	7.296935E-6
9.9956	1.0397733E-5	7.29676E-6
9.9972	1.03959642E-5	7.296665E-6
9.9995	1.03963688E-5	7.29652E-6
10.0018	1.0397271E-5	7.296975E-6
9.9994	1.03976406E-5	7.29649E-6
9.9998	1.03976406E-5	7.29664E-6
9.9995	1.03971324E-5	7.296095E-6
9.9987	1.04006238E-5	7.296405E-6
9.9999	1.03986234E-5	7.29671E-6
9.9997	1.03984966E-5	7.29679E-6
9.9998	1.0398034E-5	7.29674E-6
9.986	1.03997104E-5	7.29647E-6
10.0009	1.03997104E-5	7.296725E-6
10.005	1.03973054E-5	7.296385E-6
10.0057	1.0397236E-5	7.296765E-6
9.9964	1.04001268E-5	7.296005E-6
9.9978	1.04010052E-5	7.29678E-6
9.9818	1.03991554E-5	7.296345E-6
10.0088	1.04003698E-5	7.296395E-6
10.0056	1.04003698E-5	7.29612E-6
10.0038	1.03982538E-5	7.29643E-6
9.9852	1.04005314E-5	7.296575E-6
10.0005	1.03983342E-5	7.29653E-6
10.008	1.03992828E-5	7.296975E-6
10.0083	1.03978022E-5	7.296335E-6
9.9927	1.03978022E-5	7.296765E-6
10.0008	1.03988088E-5	7.296875E-6
10.004	1.0397213E-5	7.29674E-6
10.001	1.04003116E-5	7.296385E-6
10.0022	1.0398855E-5	7.29653E-6
9.9881	1.03982308E-5	7.29691E-6
9.9948	1.03994214E-5	7.297305E-6
9.9959	1.03994214E-5	7.29643E-6
10.0032	1.03976868E-5	7.296785E-6
10.0102	1.03952356E-5	7.29705E-6
10.0029	1.03986696E-5	7.296725E-6
9.9971	1.04008668E-5	7.297035E-6
9.9983	1.04007856E-5	7.296615E-6
9.9879	1.03968896E-5	7.29696E-6
9.9922	1.03968896E-5	7.30189E-6
10.0069	1.03986584E-5	7.296615E-6
10.0068	1.0402219E-5	7.29672E-6
10.0014	1.04024046E-5	7.297055E-6
9.9899	1.03997796E-5	7.296515E-6
10.0041	1.0398288E-5	7.2965E-6
10.0072	1.04023344E-5	7.29696E-6
10.0021	1.04023344E-5	7.29649E-6
9.9433	1.04011438E-5	7.29691E-6
9.7634	1.03996292E-5	7.29715E-6
9.5706	1.0398785E-5	7.29667E-6
9.0077	1.0397803E-5	7.29768E-6
9.4308	1.03972248E-5	7.29683E-6
9.8163	1.03972248E-5	7.296855E-6
9.7122	1.04021386E-5	7.297805E-6
9.3994	1.03994214E-5	7.296385E-6
9.0084	1.03994786E-5	7.29635E-6
9.1485	1.0397756E-5	7.296745E-6
9.39	1.04020342E-5	7.29618E-6
9.2217	1.03985772E-5	7.296875E-6
8.6939	1.03985772E-5	7.296605E-6
8.8089	1.0397271E-5	7.2967E-6
8.9666	1.03989474E-5	7.29661E-6
8.9328	1.04000106E-5	7.296405E-6
8.5657	1.03989936E-5	7.296005E-6
8.4224	1.03993058E-5	7.29607E-6
8.5451	1.0398785E-5	7.296095E-6
8.6243	1.0398785E-5	7.297385E-6
8.3121	1.03950628E-5	7.29674E-6
8.0229	1.03960454E-5	7.2971E-6
8.2472	1.0398323E-5	7.29637E-6
8.2464	1.04013174E-5	7.297225E-6
8.0496	1.0395386E-5	7.29682E-6
7.7292	1.04008668E-5	7.29726E-6
7.8758	1.04008668E-5	7.298355E-6
7.9515	1.04015946E-5	7.29765E-6
7.7358	1.03994094E-5	7.297005E-6
7.3541	1.04000338E-5	7.29749E-6
7.554	1.0404069E-5	7.29732E-6
7.4775	1.04012132E-5	7.296685E-6
7.3943	1.04012132E-5	7.29748E-6
7.2451	1.03999532E-5	7.29686E-6
7.123	1.03989474E-5	7.29732E-6
7.3954	1.0396947E-5	7.297345E-6
7.2399	1.03987046E-5	7.2969E-6
7.1841	1.0400936E-5	7.297445E-6
7.2011	1.0401699E-5	7.29766E-6
7.1	1.0401699E-5	7.297725E-6
7.117	1.0397213E-5	7.2976E-6
7.0964	1.03973172E-5	7.297255E-6
7.053	1.04009702E-5	7.29779E-6
7.0668	1.04010514E-5	7.297675E-6
7.0432	1.03992938E-5	7.29752E-6
7.0707	1.03994674E-5	7.297685E-6
7.0648	1.03994674E-5	7.297575E-6
7.0576	1.03965766E-5	7.297545E-6
7.0426	1.03994906E-5	7.29755E-6
7.0347	1.03996522E-5	7.29765E-6
7.0213	1.03977792E-5	7.296985E-6
7.0039	1.0398022E-5	7.29772E-6
6.97	1.04406268E-5	7.29736E-6
6.944	1.04406268E-5	7.29773E-6
6.9879	1.03986814E-5	7.29719E-6
7.0171	1.03976294E-5	7.297745E-6
7.138	1.0399606E-5	7.297455E-6
7.0782	1.04016296E-5	7.297625E-6
7.053	1.04036876E-5	7.297985E-6
7.0356	1.03989124E-5	7.297465E-6
7.0352	1.03989124E-5	7.297825E-6
7.0348	1.03990518E-5	7.29761E-6
7.0322	1.0397745E-5	7.297735E-6
7.0308	1.03986814E-5	7.297735E-6
6.9382	1.0397213E-5	7.29772E-6
6.6962	1.0398531E-5	7.297345E-6
6.4324	1.0398531E-5	7.29773E-6
6.3022	1.04006812E-5	7.29849E-6
6.2695	1.03967622E-5	7.30019E-6
6.2393	1.03997916E-5	7.298105E-6
6.1598	1.03981956E-5	7.298715E-6
6.0681	1.04039416E-5	7.298165E-6
5.9713	1.04023806E-5	7.298725E-6
5.8839	1.04023806E-5	7.29857E-6
5.8032	1.04006932E-5	7.298055E-6
5.7201	1.04023694E-5	7.29821E-6
5.637	1.03995026E-5	7.29972E-6
5.5656	1.0400705E-5	7.29815E-6
5.4862	1.03989012E-5	7.29798E-6
5.4026	1.04021036E-5	7.29827E-6
5.3385	1.04021036E-5	7.298235E-6
5.2542	1.04042768E-5	7.298755E-6
5.169	1.0400103E-5	7.299125E-6
5.1011	1.04079186E-5	7.299245E-6
5.0191	1.04095958E-5	7.299245E-6
4.9328	1.04100346E-5	7.29972E-6
4.8646	1.04097574E-5	7.299535E-6
4.7814	1.04097574E-5	7.299405E-6
4.6975	1.04100808E-5	7.29974E-6
4.6131	1.0407526E-5	7.299555E-6
4.5435	1.0409341E-5	7.299815E-6
4.4636	1.04079768E-5	7.29974E-6
4.3784	1.04087628E-5	7.29989E-6
4.3126	1.04087628E-5	7.29991E-6
4.2276	1.04095378E-5	7.300105E-6
4.1431	1.04107634E-5	7.299985E-6
4.0785	1.04113646E-5	7.300775E-6
3.9925	1.04080922E-5	7.30002E-6
3.9065	1.04105436E-5	7.30061E-6
3.843	1.04096994E-5	7.30019E-6
3.7596	1.04096994E-5	7.300645E-6
3.6798	1.04084506E-5	7.30021E-6
3.5919	1.04089826E-5	7.301185E-6
3.531	1.04098268E-5	7.30101E-6
3.4461	1.04089246E-5	7.301415E-6
3.3644	1.04110524E-5	7.301245E-6
3.3068	1.04115606E-5	7.301355E-6
3.2297	1.04115606E-5	7.3018E-6
3.1454	1.04104162E-5	7.30114E-6
3.0783	1.04105666E-5	7.30173E-6
2.9954	1.04081274E-5	7.30192E-6
2.9272	1.04084856E-5	7.302065E-6
2.8714	1.04103356E-5	7.30218E-6
2.7879	1.04118266E-5	7.301965E-6
2.688	1.04118266E-5	7.30221E-6
2.6025	1.04106016E-5	7.302265E-6
2.5003	1.04105436E-5	7.30251E-6
2.4026	1.04099192E-5	7.3024E-6
2.3343	1.04105204E-5	7.30304E-6
2.2552	1.04073756E-5	7.303105E-6
2.1973	1.04029588E-5	7.303915E-6
2.1316	1.04029588E-5	7.303985E-6
2.0946	1.04057104E-5	7.30401E-6
2.079	1.0403549E-5	7.304195E-6
2.0725	1.04129828E-5	7.303715E-6
2.0632	1.04116536E-5	7.30328E-6
2.0502	1.04116074E-5	7.303705E-6
2.0437	1.04116074E-5	7.30387E-6
2.0377	1.04075142E-5	7.30334E-6
2.034	1.04087628E-5	7.3038E-6
2.0289	1.04101732E-5	7.30282E-6
2.0257	1.04101732E-5	7.303525E-6
2.0218	1.04091332E-5	7.303675E-6
2.0201	1.04084164E-5	7.30318E-6
2.0185	1.04084164E-5	7.303525E-6
2.0179	1.0407734E-5	7.303055E-6
2.0156	1.04097806E-5	7.303475E-6
2.0143	1.04082078E-5	7.303325E-6
2.0123	1.0409017E-5	7.303405E-6
2.0112	1.0409318E-5	7.3033E-6
2.0111	1.040911E-5	7.30336E-6
2.0101	1.040911E-5	7.303425E-6
2.0086	1.04107976E-5	7.30333E-6
2.0096	1.04133412E-5	7.303245E-6
2.009	1.0408578E-5	7.303305E-6
2.0073	1.0409861E-5	7.30334E-6
2.006	1.04075954E-5	7.303395E-6
2.0054	1.0411989E-5	7.30358E-6
2.0056	1.0411989E-5	7.303555E-6
2.0041	1.04075722E-5	7.303725E-6
2.0035	1.04087978E-5	7.303535E-6
2.004	1.04107284E-5	7.303455E-6
2.0043	1.04090058E-5	7.303455E-6
2.0028	1.04100116E-5	7.30333E-6
2.0026	1.04100116E-5	7.303305E-6
2.0013	1.04098268E-5	7.30326E-6
2.0009	1.04133762E-5	7.3034E-6
2.0016	1.0410162E-5	7.303465E-6
2.0006	1.04103238E-5	7.30353E-6
2.0011	1.0408578E-5	7.30335E-6
2.001	1.0408312E-5	7.303595E-6
2.0017	1.0408312E-5	7.30334E-6
2.0018	1.04099534E-5	7.303355E-6
2.0017	1.0408E-5	7.303605E-6
2.0006	1.04079306E-5	7.30347E-6
2.0004	1.0410937E-5	7.303425E-6
2.0003	1.0408324E-5	7.30367E-6
2.0002	1.0409896E-5	7.30342E-6
1.9996	1.0409896E-5	7.30346E-6
2.0003	1.04104742E-5	7.303605E-6
2.0004	1.041096E-5	7.30366E-6
1.9996	1.04092718E-5	7.30349E-6
1.9994	1.04115724E-5	7.30337E-6
2.0002	1.04093068E-5	7.30341E-6
1.9997	1.040911E-5	7.30335E-6
2.0003	1.040911E-5	7.303455E-6
2.0002	1.04096652E-5	7.30343E-6
2.0014	1.04107634E-5	7.303775E-6
2.0012	1.04080922E-5	7.30348E-6
2.0011	1.04095266E-5	7.303435E-6
2.0001	1.0407491E-5	7.30315E-6
1.9991	1.04070522E-5	7.303435E-6
1.9989	1.04070522E-5	7.30328E-6
2	1.04068436E-5	7.303215E-6
1.9995	1.04066358E-5	7.30363E-6
1.9991	1.04060002E-5	7.30332E-6
2.0006	1.04044966E-5	7.303385E-6
1.9997	1.04081504E-5	7.303605E-6
1.9995	1.04081504E-5	7.30315E-6
2.0002	1.04075954E-5	7.30338E-6
2.001	1.04065434E-5	7.3034E-6
2.0013	1.040615E-5	7.30346E-6
1.9999	1.04052716E-5	7.303545E-6
2	1.04055144E-5	7.303305E-6
1.999	1.0407769E-5	7.30329E-6
1.9999	1.0407769E-5	7.30217E-6
1.9998	1.04071676E-5	7.303245E-6
1.9992	1.04100346E-5	7.303195E-6
2.0005	1.04084968E-5	7.30346E-6
2.0003	1.04080118E-5	7.30333E-6
1.9994	1.04102776E-5	7.3034E-6
1.9988	1.04075722E-5	7.303445E-6
1.9999	1.04075722E-5	7.30349E-6
2.0001	1.04083352E-5	7.30335E-6
2.0016	1.0407468E-5	7.30346E-6
2.0014	1.0408543E-5	7.30338E-6
2.0001	1.0410393E-5	7.3034E-6
2.001	1.04100004E-5	7.303245E-6
2.0009	1.04104162E-5	7.303495E-6
2	1.04104162E-5	7.303255E-6
2.0011	1.04089826E-5	7.303205E-6
1.9995	1.04099534E-5	7.30334E-6
2	1.04095026E-5	7.303535E-6
1.9988	1.04102776E-5	7.30337E-6
1.9993	1.0410127E-5	7.303235E-6
1.9999	1.0410127E-5	7.303315E-6
1.9999	1.04077458E-5	7.303595E-6
2	1.04098268E-5	7.3039E-6
2.0013	1.04068094E-5	7.30339E-6
1.9999	1.04054682E-5	7.3034E-6
2.0011	1.04084968E-5	7.303545E-6
2.001	1.0405618E-5	7.303505E-6
2.0009	1.0405618E-5	7.303325E-6
2.001	1.04087748E-5	7.303545E-6
2.0013	1.04086592E-5	7.303445E-6
2.0001	1.04092256E-5	7.303205E-6
1.9989	1.0409087E-5	7.303335E-6
1.9988	1.04092486E-5	7.30361E-6
2.0003	1.04090058E-5	7.303285E-6
2.0002	1.04090058E-5	7.303335E-6
2	1.04089826E-5	7.303365E-6
1.9996	1.0409861E-5	7.303365E-6
2.0008	1.04117342E-5	7.303245E-6
2.0011	1.04106478E-5	7.303235E-6
2.0014	1.04099072E-5	7.303205E-6
1.9997	1.04091332E-5	7.303615E-6
2.0008	1.04091332E-5	7.303375E-6
1.9996	1.04097224E-5	7.303605E-6
1.9997	1.0410405E-5	7.30331E-6
1.9998	1.04092024E-5	7.303345E-6
1.9989	1.04081274E-5	7.303425E-6
1.9988	1.04076184E-5	7.30327E-6
1.9998	1.0407029E-5	7.30318E-6
1.9982	1.0407029E-5	7.303245E-6
1.9992	1.04079426E-5	7.303155E-6
1.9993	1.04102194E-5	7.303335E-6
1.9992	1.0408555E-5	7.303485E-6
1.9995	1.04084968E-5	7.30358E-6
2	1.04081504E-5	7.30345E-6
2.0015	1.04081504E-5	7.30344E-6
2.0013	1.0410624E-5	7.303435E-6
1.9999	1.04092718E-5	7.303575E-6
1.9999	1.04071558E-5	7.30342E-6
1.999	1.04071558E-5	7.303535E-6
1.999	1.04018264E-5	7.30347E-6
1.9988	1.03975252E-5	7.303065E-6
1.9991	1.03975252E-5	7.303435E-6
1.9994	1.03984966E-5	7.302975E-6
2	1.03993058E-5	7.303455E-6
1.9987	1.0399352E-5	7.303295E-6
1.9998	1.03984266E-5	7.30329E-6
1.9995	1.03989244E-5	7.303295E-6
2.0011	1.03991322E-5	7.302965E-6
2.001	1.03991322E-5	7.303215E-6
1.9996	1.03980452E-5	7.30333E-6
1.9994	1.03997104E-5	7.303585E-6
1.9991	1.04006008E-5	7.30351E-6
1.9992	1.03994906E-5	7.303355E-6
